No    Ref    V       B-V     U-B

 0341    59  18.178   1.484         
 0349    59  17.095   0.982   0.630
 0375    59  19.028   1.031         
 0391    59  17.140   0.990   0.457
 0395    59  19.461   1.274         
 0397    59  17.209   1.078   0.734
 0406    59  15.909   1.009   0.377
 0421    59  18.053   1.217   0.270
 0423    59  19.056   1.333         
 0424    59  16.838   1.102   0.455
 0426    59  17.501   1.180         
 0430    59  15.168   0.941   0.187
 0431    59  18.546   1.358         
 0438    59  19.514   1.445         
 0446    59  16.044   1.124   0.344
 0452    59  17.846   1.169   0.817
 0458    59  19.049   1.317         
 0463    59  16.279   1.024   0.186
 0465    59  15.068   0.946   0.595
 0470    59  17.171   1.132   0.852
 0476    59  18.779   1.363         
 0480    59  18.507   1.468         
 0481    59  18.965   1.349         
 0483    59  17.060   1.068   0.653
 0488    59  16.364   1.047   0.393
 0490    59  18.123   1.335         
 0492    59  17.829   1.338         
 0497    59  14.967   1.012   0.759
 0504    59  16.492   1.187   0.563
 0512    59  18.543   1.282         
 0518    59  16.609   1.069   0.354
 0519    59  16.978   1.152   0.628
 0520    59  18.995   1.565         
 0521    59  17.173   1.126         
 0528    59  16.880   1.177   0.696
 0534    59  13.779   0.797   0.051
 0540    59  19.401   1.722         
 0543    59  17.738   1.131         
 0545    59  17.593   1.204         
 0547    59  17.796   1.257         
 0548    59  17.557   1.274         
 0551    59  18.478   1.245         
 0556    59  15.441   0.981   0.147
 0563    59  16.366   0.970   0.175
 0568    59  18.386   1.285         
 0571    59  19.965   1.454         
 0573    59  18.078   1.049         
 0574    59  18.402   1.105         
 0575    59  17.778   1.289         
 0578    59  18.836   1.266         
 0586    59  15.852   1.000   0.269
 0587    59  18.655   1.288         
 0588    59  17.555   1.213         
 0593    59  21.160   0.029         
 0598    59  14.902   0.950   0.079
 0599    59  18.250   1.299         
 0600    59  17.341   1.403   0.421
 0602    59  17.777   1.169         
 0604    59  15.233   0.959   0.182
 0607    59  19.450   1.347         
 0608    59  18.587   1.269         
 0611    59  16.301   0.978   0.367
 0613    59  15.873   1.099   0.613
 0621    59  17.309   1.188   0.610
 0622    59  13.577   0.914   0.065
 0626    59  18.560   1.171         
 0632    59  17.515   1.142         
 0643    59  17.291   1.100   0.783
 0645    59  16.896   1.065   0.800
 0648    59  13.994   0.991   0.124
 0653    59  18.410   1.139         
 0655    59  18.556   1.362         
 0658    59  17.885   1.126         
 0661    59  16.511   1.001   0.441
 0664    59  18.721   1.577         
 0670    59  17.684   1.126   0.599
 0671    59  18.235   1.130         
 0676    59  17.741   1.448  -0.072
 0679    59  18.031   1.194         
 0683    59  18.014   1.130         
 0685    59  17.361   1.279         
 0691    59  17.234   1.013   0.625
 0693    59  15.073   0.963   0.084
 0695    59  17.334   1.351         
 0698    59  17.235   1.136   0.726
 0699    59  14.816   0.939   0.076
 0701    59  17.161   1.173   0.929
 0709    59  15.783   0.926   0.180
 0720    59  15.527   1.052   0.665
 0721    59  18.713   1.258         
 0722    59  18.076   1.215   1.228
 0723    59  19.142   1.515         
 0727    59  13.746   0.950   0.108
 0729    59  17.577   1.186   0.596
 0730    59  16.148   1.032   0.300
 0733    59  17.035   1.100   0.609
 0734    59  18.107   1.105         
 0744    59  17.565   1.093         
 0749    59  16.590   0.978   0.425
 0759    59  19.508   1.645         
 0762    59  17.789   1.149         
 0768    59  14.175   0.853   0.021
 0773    59  15.126   0.926   0.035
 0778    59  17.615   1.182         
 0780    59  19.541   1.454         
 0781    59  18.240   1.065         
 0788    59  18.952   1.480         
 0789    59  19.335   1.304  -0.409
 0794    59  16.597   1.086   0.366
 0796    59  15.862   0.994   0.241
 0797    59  17.812   1.233         
 0799    59  19.217   1.860         
 0800    59  17.493   1.327   0.677
 0805    59  18.837   1.302         
 0808    59  19.234   1.780         
 0810    59  18.775   1.176         
 0811    59  18.022   1.341         
 0819    59  17.625   1.219         
 0821    59  15.123   0.935   0.196
 0834    59  17.306   0.731         
 0837    59  16.616   1.221   0.508
 0839    59  18.869   1.431   0.388
 0841    59  16.526   0.975   0.363
 0855    59  14.252   0.982   0.133
 0857    59  17.916   1.202         
 0859    59  15.047   0.984   0.165
 0862    59  15.768   0.891   0.209
 0863    59  20.069   1.749         
 0864    59  17.204   1.074   0.612
 0866    59  16.158   1.003   0.254
 0870    59  16.035   1.008   0.267
 0876    59  18.650   1.245         
 0877    59  17.192   1.208   0.831
 0883    59  17.823   1.081         
 0897    59  17.687   1.037         
 0907    59  16.907   1.088   0.630
 0910    59  18.151   1.201         
 0914    59  18.725   1.348         
 0916    59  18.667   1.257         
 0921    59  19.254   1.298         
 0925    59  18.216   1.266         
 0926    59  17.609   1.101   0.734
 0929    59  18.496   1.419         
 0936    59  17.284   1.049   0.478
 0943    59  17.142   1.999         
 0944    59  19.062   1.785         
 0945    59  19.338   1.758         
 0946    59  16.496   1.006   0.529
 0953    59  17.959   1.223         
 0958    59  18.285   1.215         
 0967    59  16.435   0.995   0.483
 0972    59  18.125   1.223         
 0977    59  19.173   1.465         
 0978    59  18.780   1.302         
 0984    59  17.004   1.105   0.561
 0986    59  15.471   1.187   0.591
 0991    59  17.118   0.998   0.522
 0992    59  19.326   1.866         
 0996    59  18.565   1.355         
 1000    59  18.139   1.082         
 1003    59  18.050   1.242         
 1004    59  18.949   1.367         
 1005    59  18.964   2.201         
 1010    59  17.520   1.108   0.598
 1013    59  17.954   0.835         
 1016    59  18.935   1.662         
 1017    59  17.880   1.177         
 1024    59  19.469   1.424         
 1027    59  20.078   1.200         
 1028    59  19.667   1.382         
 1037    59  19.112   1.509         
 1040    59  19.584   1.480         
 1043    59  14.890   0.968   0.180
 1049    59  14.572   0.934   0.175
 1051    59  17.604   1.121         
 1057    59  20.016   1.097         
 1061    59  19.380   1.311         
 1063    59  17.440   1.248         
 1069    59  16.462   2.392         
 1071    59  14.633   0.892   0.109
 1079    59  16.333   1.125   0.262
 1082    59  18.299   1.196         
 1083    59  18.004   1.256         
 1092    59  19.669  -1.359         
 1097    59  19.145   1.442         
 1108    59  19.234   0.705         
 1124    59  19.111   1.406         
 1132    59  19.754   1.355         
 1140    59  16.417   1.027   0.755
 1141    59  15.996   1.052   0.172
 1142    59  13.892   0.808   0.049
 1143    59  16.171   0.907   0.698
 1144    59  15.513   0.973   0.204
 1145    59  16.509   0.989   0.276
 1146    59  16.422   1.989   0.350
 1160    59  15.794   0.916   0.395
 1161    59  16.026   1.094         
 1162    59  20.239   1.585         
 1163    59  18.011   1.199         
 1164    59  18.768   1.443         
 1165    59  19.531   1.301         
 1166    59  18.590   2.034         
 1167    59  17.067   1.167   0.750
 1168    59  20.602   0.839         
 1169    59  20.327   1.318         
 1170    59  19.961   0.112  -1.009
 1171    59  15.669   1.481   0.548
 1172    59  16.727   1.101   0.621
 1173    59  20.014   1.325         
 1174    59  18.972   1.637         
 1175    59  17.798   1.264   0.687
 1176    59  17.353   1.101   0.566
 1177    59  16.730   1.027   0.533
 1178    59  18.600   1.174   0.240
 1179    59  16.473   1.037   0.294
 1180    59  18.113   1.204         
 1181    59  17.660   1.538         
 1182    59  19.299   1.096         
 1183    59  17.787   1.240         


